22
NULL 0 Common 0
Joined 7 0,255,0,255,0,0,0,0,0,0 Latin 1 0 1 Joined	# Joined [4a 6f 69 6e 65 64 ]a
|Broken|0|1 15 0,255,0,255,0,0,0,0,0,0 Common 2 10 2 |Broken|0|1	# Broken
v 3 0,255,0,255,0,0,0,0,0,0 Latin 3 0 3 v	# v [76 ]a
e 3 0,255,0,255,0,0,0,0,0,0 Latin 4 0 4 e	# e [65 ]a
l 3 0,255,0,255,0,0,0,0,0,0 Latin 5 0 5 l	# l [6c ]a
o 3 0,255,0,255,0,0,0,0,0,0 Latin 6 0 6 o	# o [6f ]a
c 3 0,255,0,255,0,0,0,0,0,0 Latin 7 0 7 c	# c [63 ]a
i 3 0,255,0,255,0,0,0,0,0,0 Latin 8 0 8 i	# i [69 ]a
t 3 0,255,0,255,0,0,0,0,0,0 Latin 9 0 9 t	# t [74 ]a
y 3 0,255,0,255,0,0,0,0,0,0 Latin 10 0 10 y	# y [79 ]a
f 3 0,255,0,255,0,0,0,0,0,0 Latin 11 0 11 f	# f [66 ]a
2 8 0,255,0,255,0,0,0,0,0,0 Common 12 2 12 2	# 2 [32 ]0
8 8 0,255,0,255,0,0,0,0,0,0 Common 13 2 13 8	# 8 [38 ]0
m 3 0,255,0,255,0,0,0,0,0,0 Latin 14 0 14 m	# m [6d ]a
s 3 0,255,0,255,0,0,0,0,0,0 Latin 15 0 15 s	# s [73 ]a
^ 0 0,255,0,255,0,0,0,0,0,0 Common 16 10 16 ^	# ^ [5e ]
( 16 0,255,0,255,0,0,0,0,0,0 Common 17 10 20 (	# ( [28 ]p
- 16 0,255,0,255,0,0,0,0,0,0 Common 18 3 18 -	# - [2d ]p
1 8 0,255,0,255,0,0,0,0,0,0 Common 19 2 19 1	# 1 [31 ]0
) 16 0,255,0,255,0,0,0,0,0,0 Common 20 10 17 )	# ) [29 ]p
. 16 0,255,0,255,0,0,0,0,0,0 Common 21 6 21 .	# . [2e ]p
